x,y,z,
-0.172668,0.435486,0.929504,
-0.186646,0.396484,0.93866,
-0.157349,0.378906,0.920593,
-0.071106,0.404602,0.833923,
0.0194092,0.428467,0.809082,
0.00268555,0.377197,0.738586,
-0.0132446,0.435486,0.701355,
-0.083252,0.468567,0.699829,
-0.0765991,0.46582,0.683838,
-0.116089,0.481995,0.709106,
-0.164246,0.492004,0.733826,
-0.155884,0.494019,0.726624,
-0.103333,0.537231,0.733765,
-0.083252,0.576233,0.794434,
-0.0953369,0.57312,0.839294,
-0.0933228,0.603394,0.849365,
-0.09729,0.625916,0.828491,
-0.169983,0.690125,0.794922,
0.000854492,0.626221,0.77179,
-0.0161133,0.598572,0.779114,
-0.0470581,0.538818,0.738403,
-0.00579834,0.516541,0.744446,
0.0159302,0.566528,0.789368,
0.0420532,0.52417,0.831055,
-0.000671387,0.521851,0.806946,
0.0108643,0.508667,0.779114,
0.0421753,0.529175,0.76947,
0.0532227,0.562439,0.774292,
0.0577393,0.612366,0.780334,
0.0689697,0.580566,0.789124,
-0.02948,0.536255,0.789551,
-0.0203857,0.510376,0.801208,
-0.0210571,0.618225,0.822998,
-0.0193481,0.632385,0.840027,
0.00427246,0.661499,0.847107,
-0.0457764,0.641663,0.87561,
-0.11499,0.631042,0.927307,
-0.118286,0.657776,0.973816,
-0.162842,0.615295,1.00122,
-0.128052,0.656494,1.03217,
-0.151123,0.672302,1.0213,
-0.208252,0.637573,0.997742,
-0.25708,0.577087,0.939819,
-0.235657,0.519897,0.873413,
-0.138428,0.556091,0.804321,
-0.0757446,0.497559,0.741455,
-0.0379028,0.393005,0.731384,
-0.0354004,0.351562,0.730286,
-0.0700073,0.378357,0.729248,
-0.0708008,0.475952,0.753601,
-0.0406494,0.491455,0.757324,
-0.0176392,0.431274,0.759705,
-0.0213623,0.342041,0.762573,
-0.0437012,0.293823,0.742615,
-0.0301514,0.318176,0.75708,
0.0253906,0.508545,0.805603,
0.0223389,0.530884,0.817932,
-0.0164795,0.437012,0.809937,
-0.00146484,0.354309,0.800537,
0.0120239,0.286194,0.767395,
0.0134277,0.360413,0.747803,
0.0482788,0.430481,0.75769,
0.0762329,0.47699,0.762878,
0.0877075,0.454712,0.744751,
0.0187378,0.405151,0.671387,
-0.012146,0.382874,0.616516,
0.000732422,0.375549,0.576904,
0.0272217,0.401123,0.586853,
0.120728,0.57312,0.615234,
0.0900879,0.733337,0.684204,
-0.0566406,0.775452,0.749268,
-0.227478,0.779419,0.70459,
-0.226318,0.793396,0.638733,
-0.121887,0.805603,0.57782,
-0.203796,0.854248,0.547058,
-0.237244,0.924194,0.516846,
-0.250916,0.910522,0.477112,
-0.21698,0.86438,0.367981,
-0.0529175,0.935608,0.284851,
0.052002,0.92218,0.223572,
-0.00360107,0.870117,0.193848,
-0.139709,0.773804,0.195618,
-0.154175,0.767334,0.167786,
0.0106201,1.13098,0.183838,
0.287598,1.4093,0.209167,
0.13501,1.33997,0.200256,
-0.0964355,1.06476,0.173462,
-0.108948,0.870972,0.168274,
-0.00372314,0.936951,0.142761,
0.0806885,1.02289,0.143372,
0.0371704,1.07397,0.121826,
0.0267944,1.02686,0.129639,
0.0479126,1.02271,0.123413,
0.057251,0.986755,0.130859,
0.0507812,0.965637,0.114075,
0.113831,0.948486,0.10675,
0.142151,0.964722,0.11145,
0.150391,1.04486,0.088623,
0.0840454,1.11603,0.101379,
0.131653,1.12946,0.125183,
0.202881,1.14081,0.12738,
0.287781,1.1358,0.11731,
0.214905,1.09229,0.097168,
0.146606,1.02618,0.136719,
0.126587,1.005,0.149597,
0.187012,1.11969,0.133423,
0.245117,1.21857,0.171448,
0.172119,1.24878,0.231934,
0.074707,1.11804,0.28186,
0.0192871,0.952393,0.270447,
0.0925903,0.856262,0.260803,
0.177185,0.872681,0.290283,
0.0892944,0.925842,0.310303,
0.0488892,0.930664,0.325378,
0.00946045,0.881836,0.298096,
0.0108032,0.821533,0.24707,
0.0812378,0.79071,0.20636,
0.0621948,0.747253,0.196716,
0.0148926,0.684509,0.19928,
0.0408325,0.665222,0.178528,
0.0435791,0.69635,0.151611,
0.0358276,0.749573,0.145813,
0.0289917,0.764099,0.159912,
-0.0224609,0.764465,0.173096,
-0.0556641,0.748352,0.132568,
-0.0475464,0.719666,0.067749,
-0.0445557,0.674316,0.0206909,
-0.0593262,0.679321,0.0184937,
-0.0526733,0.68866,0.0170288,
-0.0641479,0.75946,-0.00701904,
-0.0528564,1.05792,-0.00549316,
0.0603027,1.29565,0.0315552,
0.106995,1.36804,0.0443115,
0.0655518,1.36316,0.0263672,
0.00585938,1.42139,0.0616455,
0.0879517,1.48657,0.169495,
0.263977,1.37018,0.248474,
0.1203,1.34235,0.228882,
0.145386,1.31165,0.168701,
0.160156,1.30737,0.124573,
0.120728,1.29926,0.0683594,
0.145874,1.16656,0.0455322,
0.13031,0.997009,-0.0115356,
0.102966,0.85553,-0.0167847,
0.110901,0.815796,0.00402832,
0.106995,0.773132,0.0139771,
0.119873,0.746094,0.03479,
0.121765,0.781738,0.0343018,
0.0942383,0.857971,0.0640869,
0.0738525,0.915466,0.090332,
0.0334473,0.936584,0.0869751,
0.0446777,0.914429,0.101685,
0.0698853,0.906555,0.0861816,
0.0703125,0.890015,0.0707397,
0.0907593,0.865356,0.0504761,
0.134155,0.886047,0.0408325,
0.135559,0.911682,0.0421143,
0.146851,1.02356,0.0336914,
0.209473,1.11407,0.0428467,
0.21344,1.16486,0.0839233,
0.187134,1.21802,0.119568,
0.181946,1.24243,0.123718,
0.15094,1.26508,0.123657,
0.0880127,1.28247,0.151611,
0.0304565,1.27893,0.163391,
0.0304565,1.23376,0.172913,
0.0652466,1.11096,0.156128,
0.0483398,0.970764,0.114807,
0.0244751,0.894348,0.0813599,
0.0493164,0.91864,0.0544434,
0.0961914,0.964539,0.0583496,
0.0961914,0.944092,0.0695801,
0.0385132,0.859741,0.0765381,
-0.0247803,0.754089,0.0848999,
-0.0212402,0.67572,0.0743408,
0.00592041,0.641357,0.0535278,
0.0197144,0.604858,0.0508423,
0.0176392,0.602356,0.0611572,
-0.0175781,0.606689,0.0725098,
-0.0285645,0.635315,0.0786743,
-0.00311279,0.706787,0.0756836,
0.0192261,0.79248,0.0834351,
0.00476074,0.883057,0.100647,
-0.0162964,0.962708,0.0981445,
0.0239258,1.03571,0.0896606,
0.0625,1.08154,0.108398,
0.0566406,1.099,0.104065,
0.069519,1.12561,0.0736694,
0.161255,1.27844,0.0219116,
0.307678,1.39069,-6.10352e-05,
0.361633,1.45911,-0.0125122,
0.30127,1.44165,0.012085,
0.114746,1.48846,0.0930176,
0.154968,1.4566,0.120728,
0.182983,1.3277,0.121643,
0.195374,1.15088,0.0882568,
0.111877,0.996521,0.0290527,
0.0447998,0.887939,-0.0466919,
0.0911255,0.841431,-0.0856323,
0.108826,0.802979,-0.081604,
0.10675,0.763,-0.0606689,
0.0455933,0.718567,-0.0339966,
-0.0194092,0.716309,-0.0203857,
0.0328979,0.719727,0.0114136,
0.0966797,0.752625,0.0656128,
0.0759888,0.771973,0.0870361,
0.0775757,0.756409,0.0777588,
0.0493164,0.761963,0.0678101,
0.092041,0.739075,0.0499268,
0.115112,0.760681,0.0415039,
0.117676,0.791687,0.0487061,
0.144348,0.809021,0.050354,
0.220032,0.830017,0.0536499,
0.253906,0.914856,0.0480957,
0.22052,1.02539,0.0513306,
0.174316,1.15076,0.0847778,
0.237,1.17157,0.129089,
0.270325,1.12903,0.100403,
0.30603,1.2403,0.0782471,
0.285706,1.40308,0.0480957,
0.251343,1.51093,0.043335,
0.267029,1.51337,0.039856,
0.253662,1.36292,0.0338745,
0.180054,1.16516,0.0137329,
0.0998535,1.01819,0.0107422,
0.0333862,0.985779,0.0413208,
0.0188599,0.992676,0.0621948,
0.00262451,0.993103,0.0564575,
-0.0211792,0.91156,0.050415,
-0.0703125,0.792969,0.0550537,
-0.09375,0.673645,0.0539551,
-0.0901489,0.599182,0.0328979,
-0.0771484,0.599243,0.0390625,
-0.0652466,0.661926,0.0842285,
-0.0581665,0.726624,0.114258,
-0.0430908,0.773438,0.102844,
-0.0273438,0.812012,0.0796509,
0.0199585,0.847717,0.0983276,
0.046936,0.894958,0.137573,
0.0665894,0.925232,0.178528,
0.0734253,0.911987,0.173584,
0.10675,0.922424,0.17804,
0.144775,0.994141,0.190552,
0.180481,1.13611,0.171997,
0.236206,1.2478,0.152588,
0.294067,1.24713,0.161621,
0.27533,1.16119,0.144165,
0.277832,1.1441,0.160034,
0.203003,1.31079,0.183777,
0.176697,1.46271,0.251587,
0.217712,1.42761,0.262634,
0.16925,1.29602,0.160034,
0.0953369,1.14722,0.0599976,
0.0803223,1.02094,-0.0270996,
0.123535,0.894836,-0.0617676,
0.119446,0.747559,-0.0612183,
0.055481,0.650635,-0.0517578,
0.0508423,0.596619,-0.0644531,
0.113586,0.603638,-0.0343628,
0.111267,0.673767,0.00280762,
0.148376,0.677979,0.0663452,
0.0932007,0.711792,0.0946655,
0.0827637,0.790894,0.147705,
0.111328,0.880066,0.201721,
0.137085,0.9198,0.200562,
0.161072,0.940918,0.192261,
0.1604,0.975891,0.218262,
0.135315,0.985596,0.233154,
0.177856,0.947327,0.220154,
0.21051,0.937988,0.191467,
0.241821,0.984192,0.170715,
0.249756,1.0567,0.151794,
0.296204,1.0827,0.148621,
0.333008,1.03516,0.134644,
0.303101,1.04614,0.154358,
0.258667,1.13824,0.199951,
0.244263,1.27515,0.239258,
0.258972,1.28503,0.253479,
0.244751,1.11725,0.205261,
0.210205,0.90332,0.141174,
0.213318,0.789062,0.0916748,
0.211975,0.79126,0.0900269,
0.228394,0.875916,0.106384,
0.212585,0.932556,0.110352,
0.154236,0.93457,0.130859,
0.112732,0.931519,0.160034,
0.0916138,0.905212,0.181946,
0.0667725,0.845703,0.174438,
0.0469971,0.800598,0.173584,
0.0352783,0.754822,0.169983,
0.0604858,0.73584,0.162109,
0.0524902,0.746155,0.173218,
0.0361328,0.754883,0.184326,
0.0296021,0.749512,0.174927,
0.062439,0.757874,0.161194,
0.1026,0.813965,0.168518,
0.123108,0.88446,0.184814,
0.148193,0.927673,0.193176,
0.180481,0.998901,0.185608,
0.192505,1.03229,0.188965,
0.155273,1.08081,0.182129,
0.151794,1.17627,0.185059,
0.203064,1.26447,0.172729,
0.241638,1.35657,0.155884,
0.248474,1.45355,0.136536,
0.231384,1.53119,0.150269,
0.17926,1.495,0.177307,
0.125793,1.2887,0.184143,
0.074707,1.02667,0.133423,
0.0460205,0.816833,0.0638428,
0.0591431,0.708496,0.00500488,
0.100891,0.711365,-0.0354614,
0.10907,0.738159,-0.0618896,
0.117188,0.754028,-0.0600586,
0.107056,0.779175,-0.0305786,
0.114929,0.804443,0.0164795,
0.0842896,0.768555,0.069458,
0.027771,0.731323,0.114624,
-0.0133057,0.720032,0.137451,
-0.0045166,0.769531,0.162476,
0.0462036,0.854248,0.185364,
0.0377197,0.921265,0.196655,
0.048645,0.950073,0.190613,
0.0864868,0.92804,0.148621,
0.115662,0.887756,0.112915,
0.150024,0.866089,0.083374,
0.182983,0.872742,0.0669556,
0.21106,0.928955,0.0384521,
0.248413,0.980652,0.0617065,
0.22644,1.0105,0.0892944,
0.229797,1.03198,0.121521,
0.241455,1.02759,0.147217,
0.264038,1.02985,0.18689,
0.244324,1.02734,0.200684,
0.257874,1.10211,0.212646,
0.271423,1.30725,0.23407,
0.292542,1.52966,0.273926,
0.287476,1.51208,0.301025,
0.216675,1.25153,0.264282,
0.181213,0.958496,0.1922,
0.164246,0.756226,0.118225,
0.178589,0.728455,0.0792847,
0.20282,0.843872,0.104126,
0.185303,0.952942,0.132446,
0.133057,0.933594,0.142944,
0.0617676,0.860229,0.143494,
0.0249634,0.796387,0.131775,
0.0067749,0.772949,0.121643,
0.00860596,0.801392,0.129456,
0.0209961,0.869019,0.133057,
0.00933838,0.897278,0.147949,
-0.0232544,0.875122,0.145386,
-0.0113525,0.830078,0.123108,
0.0192871,0.774719,0.0928345,
0.0354614,0.736511,0.0856934,
0.0578613,0.75177,0.0860596,
0.0856934,0.751648,0.0975952,
0.0838623,0.755066,0.131287,
0.0977783,0.791199,0.148132,
0.11499,0.880371,0.146912,
0.132996,1.00665,0.169495,
0.119812,1.12311,0.224609,
0.141907,1.16425,0.276428,
0.139221,1.17963,0.28479,
0.168945,1.21948,0.319092,
0.135803,1.27991,0.357117,
0.0805664,1.33801,0.407654,
0.0639648,1.30627,0.443604,
0.0668335,1.16113,0.394043,
0.0608521,0.993713,0.299133,
0.0560913,0.935364,0.244873,
0.0457153,0.972229,0.187744,
0.0679932,0.984192,0.12616,
0.103821,0.976318,0.0814209,
0.130188,0.961975,0.086853,
0.0654907,0.899292,0.126587,
-0.0239258,0.819519,0.163025,
-0.0151367,0.787537,0.15509,
0.0449829,0.822937,0.166931,
0.0958862,0.856995,0.205566,
0.108276,0.844116,0.234802,
0.0895996,0.810425,0.250122,
0.046936,0.81604,0.267334,
0.0582275,0.825989,0.280823,
0.0887451,0.855347,0.288269,
0.141174,0.863464,0.270142,
0.155273,0.838257,0.281128,
0.120056,0.800964,0.303345,
0.13678,0.814575,0.324768,
0.177612,0.839172,0.329163,
0.213989,0.896484,0.349976,
0.197205,0.99469,0.364685,
0.170105,1.06378,0.401794,
0.11499,1.09338,0.441345,
0.124512,1.0708,0.437439,
0.156372,1.04987,0.402954,
0.147949,1.05432,0.397339,
0.107544,1.07373,0.386475,
0.0803223,1.08044,0.387939,
0.0557251,0.974548,0.369446,
0.0723877,0.817078,0.335022,
0.0927124,0.71814,0.280273,
0.133362,0.704346,0.271484,
0.145874,0.82312,0.290039,
0.122131,0.953918,0.327271,
0.0626221,1.03931,0.364868,
0.0250244,1.06946,0.385498,
0.0263672,1.01636,0.385437,
0.0160522,0.883179,0.344055,
0.043396,0.774658,0.313171,
0.0829468,0.717773,0.29834,
0.09729,0.696228,0.287598,
0.116638,0.72229,0.282715,
0.161438,0.76416,0.272827,
0.157166,0.792236,0.269409,
0.152466,0.792542,0.276611,
0.154541,0.825806,0.288879,
0.174255,0.846497,0.301514,
0.200806,0.873901,0.297302,
0.210815,0.880859,0.308594,
0.197754,0.867981,0.31189,
0.174377,0.853638,0.311829,
0.1745,0.888184,0.318909,
0.229492,0.98584,0.318359,
0.263672,1.07794,0.303345,
0.233093,1.09174,0.286438,
0.175659,1.0423,0.292664,
0.173523,1.02374,0.292847,
0.211365,1.13562,0.294067,
0.242188,1.24188,0.33905,
0.152832,1.28156,0.376892,
0.0349731,1.19092,0.381714,
0.0283203,1.03418,0.342285,
0.0664062,0.89624,0.269226,
0.0874023,0.803162,0.212219,
0.0584106,0.778259,0.171265,
0.0477905,0.77887,0.148865,
0.0898438,0.794128,0.12616,
0.161499,0.835205,0.134827,
0.187378,0.843262,0.157349,
0.167542,0.809692,0.177307,
0.155457,0.769043,0.198242,
0.125671,0.766846,0.230408,
0.107849,0.781372,0.269104,
0.113098,0.796936,0.268188,
0.148315,0.80658,0.245972,
0.207275,0.83374,0.223999,
0.222107,0.859558,0.225647,
0.230164,0.902649,0.249634,
0.237976,0.959717,0.260559,
0.257812,0.97052,0.271545,
0.242615,0.942383,0.267395,
0.21991,0.919739,0.2677,
0.214539,0.941833,0.266357,
0.221313,0.978455,0.267395,
0.236023,0.997986,0.262512,
0.246521,0.962036,0.252747,
0.230957,0.907654,0.210571,
0.230469,0.962036,0.228943,
0.181396,1.05463,0.272888,
0.112976,1.1629,0.306824,
0.121155,1.16541,0.306885,
0.114075,0.981018,0.248352,
0.103638,0.780029,0.19873,
0.115662,0.656006,0.191101,
0.156006,0.684143,0.19397,
0.185852,0.815491,0.21991,
0.185974,0.927795,0.239197,
0.131042,0.94458,0.249939,
0.0953369,0.873291,0.246338,
0.116699,0.831177,0.234314,
0.153748,0.823364,0.222473,
0.162781,0.796692,0.225952,
0.172363,0.802979,0.223206,
0.162842,0.842102,0.223694,
0.164429,0.86554,0.20459,
0.166138,0.849304,0.191772,
0.150208,0.838745,0.184937,
0.204041,0.854675,0.173523,
0.241455,0.871643,0.157715,
0.206665,0.897156,0.171814,
0.212769,0.973999,0.202759,
0.236755,1.08344,0.193481,
0.233093,1.12579,0.190247,
0.204163,1.14581,0.193298,
0.2323,1.1817,0.206238,
0.248718,1.24738,0.200378,
0.228333,1.31152,0.230347,
0.143982,1.34503,0.251526,
0.0454712,1.3009,0.255493,
0.0526733,1.16119,0.257385,
0.0274048,0.940552,0.224426,
0.0249634,0.734985,0.174316,
0.0617676,0.654175,0.120605,
0.0897217,0.669373,0.09729,
0.146851,0.761169,0.098938,
0.183289,0.835022,0.0964355,
0.173645,0.865906,0.102844,
0.175781,0.856384,0.117981,
0.136597,0.847351,0.124512,
0.129089,0.865845,0.150269,
0.123108,0.889771,0.179749,
0.122742,0.859192,0.202026,
0.119934,0.805298,0.201477,
0.123169,0.727356,0.19873,
0.17926,0.694824,0.182495,
0.231506,0.710754,0.181396,
0.271545,0.745178,0.200134,
0.32135,0.797852,0.203857,
0.341064,0.823547,0.204163,
0.334656,0.862427,0.210632,
0.329224,0.913635,0.239136,
0.339722,0.967102,0.262939,
0.322388,1.06439,0.271179,
0.303955,1.19775,0.306396,
0.281799,1.30426,0.3573,
0.227844,1.35327,0.371094,
0.178589,1.34662,0.332092,
0.135681,1.27612,0.26709,
0.0879517,1.21716,0.21875,
0.0463257,1.13678,0.236328,
0.0184326,0.952942,0.225098,
0.0261841,0.728271,0.183655,
0.0504761,0.577759,0.147522,
0.111755,0.539795,0.147217,
0.146301,0.629272,0.201111,
0.173462,0.794678,0.265686,
0.191223,0.932678,0.31842,
0.129883,0.956177,0.360657,
0.0508423,0.899414,0.375854,
0.0283813,0.845642,0.362976,
0.0581665,0.845093,0.340698,
0.0743408,0.828369,0.336853,
0.0958252,0.821838,0.314819,
0.108398,0.81189,0.300964,
0.0879517,0.810852,0.289612,
0.0882568,0.807678,0.286255,
0.116333,0.797913,0.296631,
0.136902,0.788147,0.294067,
0.172546,0.797424,0.300171,
0.198425,0.808105,0.314697,
0.182556,0.816711,0.324768,
0.185669,0.836487,0.361938,
0.201965,0.922363,0.382629,
0.218628,1.01025,0.408142,
0.272827,1.10876,0.419312,
0.292236,1.22577,0.44812,
0.277039,1.34308,0.513306,
0.180115,1.43292,0.542908,
0.0646362,1.44019,0.531616,
0.0359497,1.30554,0.486084,
0.0183105,1.04022,0.388123,
-0.00775146,0.774109,0.287537,
-0.00598145,0.619507,0.230347,
0.0324707,0.585144,0.189514,
0.101929,0.64209,0.15509,
0.180054,0.717346,0.122925,
0.215942,0.7995,0.153259,
0.200439,0.866272,0.221069,
0.147339,0.892578,0.255249,
0.0853271,0.906982,0.288086,
0.0629272,0.886719,0.305176,
0.041687,0.826782,0.319092,
0.00274658,0.710999,0.319519,
-0.0178833,0.595093,0.313477,
-0.00714111,0.507263,0.2995,
0.0372314,0.458435,0.268433,
0.0583496,0.454346,0.247437,
0.0458374,0.524902,0.229309,
0.0686035,0.666138,0.240234,
0.0997925,0.813354,0.282593,
0.136536,1.00415,0.326904,
0.131897,1.17395,0.367737,
0.076355,1.28784,0.447083,
0.119934,1.34106,0.460815,
0.145203,1.35162,0.405762,
0.120605,1.39697,0.391174,
0.0961304,1.46185,0.421021,
0.088501,1.41235,0.435425,
0.101257,1.12762,0.378845,
0.0603027,0.874023,0.324951,
0.0636597,0.707214,0.287476,
0.0930786,0.706299,0.296265,
0.14856,0.797424,0.322266,
0.146423,0.851929,0.339172,
0.0825806,0.838074,0.349915,
0.0629883,0.842773,0.357422,
0.0715332,0.869934,0.36261,
0.0879517,0.910095,0.368408,
0.0817871,0.948364,0.369202,
0.0578003,0.980896,0.387207,
-0.00164795,0.98822,0.402832,
-0.0090332,0.987854,0.39325,
-0.0105591,0.987793,0.353333,
0.0192261,0.987549,0.311401,
-0.00689697,0.928406,0.28949,
-0.0375977,0.864319,0.279785,
-0.0579834,0.826233,0.271118,
-0.043396,0.831238,0.281738,
-0.0310669,0.857788,0.290344,
-0.0375366,0.861328,0.309204,
-0.074646,0.843445,0.332336,
-0.083313,0.816956,0.351135,
-0.0369873,0.840027,0.360046,
0.0314941,0.820557,0.369141,
0.071167,0.831238,0.377441,
0.0289917,0.930298,0.43158,
0.00231934,1.07037,0.52887,
-0.0177002,1.16492,0.586731,
-0.0476074,1.10486,0.619324,
-0.0370483,0.950928,0.602173,
0.0220337,0.811279,0.576111,
0.0411377,0.793213,0.53833,
0.0922241,0.868713,0.492371,
0.143738,0.948425,0.436462,
0.202393,0.979492,0.380066,
0.217712,0.968018,0.3396,
0.213989,0.920837,0.346619,
0.18158,0.88324,0.356567,
0.115784,0.817688,0.368774,
0.0776978,0.756348,0.380188,
0.072876,0.700195,0.38208,
0.0860596,0.67981,0.384216,
0.131165,0.686096,0.381165,
0.158386,0.712463,0.379761,
0.170227,0.770813,0.397339,
0.168884,0.819702,0.429016,
0.159241,0.819031,0.447205,
0.158813,0.799744,0.449402,
0.174622,0.800537,0.439453,
0.175354,0.819458,0.436462,
0.193787,0.799988,0.442688,
0.194641,0.781067,0.432739,
0.189331,0.798584,0.429138,
0.194458,0.826843,0.409912,
0.257324,0.815674,0.380249,
0.289246,0.769409,0.350342,
0.299133,0.758789,0.332581,
0.310913,0.800354,0.334412,
0.31897,0.862427,0.36145,
0.32251,0.905396,0.375183,
0.328796,0.886292,0.358337,
0.316345,0.891418,0.355652,
0.287903,0.912842,0.394165,
0.288879,0.944092,0.421021,
0.308289,0.879761,0.423584,
0.286804,0.845764,0.448608,
0.260498,0.871399,0.49176,
0.215027,0.903076,0.539062,
0.175171,0.95636,0.618835,
0.119507,0.896118,0.68512,
-0.0648804,0.812866,0.658936,
-0.0951538,0.830078,0.648926,
0.0284424,0.819397,0.646973,
0.0864868,0.769531,0.643738,
0.0641479,0.620728,0.654114,
-0.0198364,0.45636,0.680603,
-0.114075,0.412292,0.693848,
-0.0773315,0.496582,0.718689,
0.0305786,0.559631,0.734741,
0.0570679,0.617065,0.701965,
0.09375,0.563354,0.703613,
0.0592651,0.476501,0.699402,
0.00286865,0.457092,0.69397,
0.0445557,0.562134,0.685486,
0.106079,0.591248,0.671509,
0.164185,0.513611,0.656433,
0.200745,0.471313,0.650635,
0.153442,0.424255,0.658875,
0.136108,0.415649,0.658142,
0.140137,0.449951,0.66217,
0.169312,0.462341,0.698669,
0.172974,0.458557,0.715393,
0.195251,0.459534,0.712463,
0.184326,0.486389,0.713318,
0.198608,0.559631,0.724976,
0.142639,0.580872,0.772949,
0.143066,0.519043,0.75885,
0.148438,0.472046,0.76239,
0.167236,0.500183,0.775696,
0.18927,0.633057,0.855957,
0.143738,0.660278,0.930359,
0.0648804,0.552734,0.907837,
0.102051,0.451599,0.867493,
0.206848,0.419312,0.86969,
0.248962,0.469604,0.867249,
0.175049,0.572754,0.914734,
0.0418091,0.684875,0.936951,
-0.107056,0.701416,0.886963,
-0.09021,0.554016,0.757812,
0.0323486,0.470032,0.669128,
0.147095,0.48938,0.590088,
0.210083,0.518799,0.613403,
0.199951,0.543762,0.617798,
0.149414,0.527405,0.62616,
0.111023,0.542847,0.629272,
0.119324,0.573059,0.685364,
0.147034,0.597839,0.73584,
0.117798,0.589966,0.742798,
0.0975952,0.577942,0.716064,
0.079834,0.559631,0.659912,
0.0610962,0.518616,0.618958,
0.0860596,0.543701,0.604309,
0.161499,0.572571,0.578186,
0.215088,0.583313,0.570496,
0.186401,0.57135,0.591003,
0.145691,0.522034,0.636292,
0.149658,0.550964,0.677246,
0.17157,0.627686,0.705688,
0.188477,0.674377,0.714661,
0.190002,0.675354,0.690247,
0.182373,0.698792,0.72876,
0.182434,0.669067,0.770874,
0.179749,0.656738,0.806885,
0.199585,0.798828,0.892761,
0.15741,0.715088,0.941711,
0.135925,0.666748,0.980103,
0.062561,0.606995,1.01202,
-0.0405273,0.482422,0.9552,
-0.0702515,0.563477,0.94751,
-0.065979,0.751038,0.925415,
-0.0339966,0.645996,0.762695,
0.0372314,0.426147,0.566345,
0.108887,0.284546,0.446899,
0.0455322,0.340454,0.591919,
